70 20
12
9 1 0 0 G 11 
20 1 0 10 B 11 
64 1 0 0 G 6 
65 1 0 0 G 11 
21 2 0 99 J 3 
38 2 4 7 O 11 
43 2 7 3 L 11 
50 2 0 0 G 11 
17 3 0 10 B 11 
21 3 0 99 J 11 
27 3 7 6 L 11 
13 5 0 10 B 11 
28 5 5 12 W 11 
41 5 1 2 Z 11 
46 5 0 10 B 11 
67 5 0 10 B 11 
5 6 4 5 C 11 0 0
27 6 0 0 G 1 
32 6 1 2 Z 11 
53 6 0 99 J 5 
17 7 0 10 B 11 
28 7 0 99 J 11 
47 7 5 9 W 11 
53 7 0 99 J 11 
12 8 1 2 Z 11 
21 8 0 0 M 11 
62 8 1 2 Z 11 
32 9 0 0 M 11 
57 9 4 4 A 11 
23 10 0 10 B 11 
34 10 0 0 G 11 
53 10 0 0 T 11 
58 10 1 2 Z 11 
3 11 0 99 J 9 
4 11 0 99 J 11 
17 11 0 0 M 3 
7 12 0 10 B 11 
18 12 0 0 M 11 
36 12 5 9 W 11 
53 12 0 0 M 11 
18 13 1 2 Z 11 
29 13 0 99 J 4 
32 13 0 0 G 2 
50 13 0 99 J 11 
53 13 0 0 M 1 
7 14 0 0 G 8 
8 14 0 99 J 11 
27 14 0 99 J 7 
28 14 0 99 J 11 
31 14 0 0 G 11 
36 14 0 99 J 11 
43 14 5 9 W 11 
47 14 0 99 J 10 
48 14 0 99 J 7 
49 14 0 99 J 5 
50 14 0 99 J 0 
55 14 0 0 M 11 
69 14 5 9 W 11 
5 15 0 0 G 10 
6 15 0 0 G 11 
8 15 0 0 G 4 
28 15 0 99 J 0 
35 15 0 99 J 8 
36 15 1 2 Z 11 
49 15 0 99 J 3 
56 15 0 0 M 4 
4 16 0 0 G 4 
31 16 1 2 Z 11 
59 16 4 4 A 11 
25 18 0 0 T 11 
29 18 4 4 A 11 
37 18 1 2 Z 11 
41 18 4 4 O 11 
59 18 1 2 Z 11 
12 19 0 10 B 11 
18 19 1 2 Z 11 
31 19 0 0 M 11 
