20 20
3
8 0 5 9 W 3 
6 1 4 4 O 3 
0 2 0 99 J 3 
1 2 0 10 B 3 
18 2 0 0 M 3 
19 2 4 4 O 3 
12 3 0 0 G 3 
0 4 0 0 M 3 
18 4 7 3 L 3 
14 5 0 0 T 3 
16 6 4 4 O 3 
17 6 0 0 G 3 
1 7 0 0 G 3 
10 7 0 99 J 3 
13 7 1 2 Z 3 
18 7 0 0 G 3 
2 8 4 4 A 3 
5 8 1 2 Z 3 
6 9 0 99 J 3 
7 9 0 99 J 3 
16 9 0 0 T 3 
7 10 0 99 J 0 
6 11 0 0 T 3 
9 12 5 9 W 3 
16 12 1 2 Z 3 
18 12 0 99 J 3 
1 13 0 0 M 2 
2 13 4 4 A 3 
4 13 0 0 M 3 
11 13 1 2 Z 3 
13 13 7 3 L 3 
6 14 1 2 Z 3 
9 14 0 0 T 3 
15 14 7 3 L 3 
0 17 0 99 J 3 
2 17 0 0 G 3 
6 17 4 4 A 3 
9 18 5 9 W 3 
12 18 0 0 M 3 
15 18 0 0 T 3 
18 18 0 0 G 3 
0 19 0 0 G 3 
11 19 0 0 M 2 
