70 20
20
8 0 0 0 G 1 
9 1 0 0 G 17 
20 1 0 10 B 17 
21 1 0 99 J 5 
64 1 0 0 G 12 
65 1 0 0 G 17 
21 2 0 99 J 9 
30 2 5 12 W 17 
31 2 7 6 L 17 
36 2 4 7 O 17 
50 2 0 0 G 17 
17 3 0 10 B 17 
21 3 0 99 J 17 
51 4 5 9 W 17 
13 5 0 10 B 17 
37 5 7 3 L 17 
41 5 1 2 Z 17 
46 5 0 10 B 17 
53 5 0 99 J 4 
67 5 0 10 B 17 
7 6 4 5 C 17 3 0
27 6 0 0 G 7 
28 6 0 0 G 1 
53 6 0 99 J 11 
17 7 0 10 B 17 
21 7 0 0 M 4 
22 7 0 0 M 3 
28 7 0 99 J 17 
31 7 1 2 Z 17 
53 7 0 99 J 17 
11 8 1 2 Z 17 
21 8 0 0 M 17 
62 8 1 2 Z 17 
15 9 0 0 M 0 
32 9 0 0 M 17 
33 9 0 0 M 3 
59 9 1 2 Z 17 
5 10 0 99 J 4 
16 10 0 0 M 5 
23 10 0 10 B 17 
34 10 0 0 G 17 
52 10 0 0 M 1 
53 10 0 0 T 17 
56 10 4 4 A 17 
2 11 0 99 J 3 
3 11 0 99 J 15 
4 11 0 99 J 17 
17 11 0 0 M 9 
19 11 0 0 M 0 
42 11 5 9 W 17 
53 11 0 0 M 2 
54 11 0 0 T 2 
7 12 0 10 B 17 
18 12 0 0 M 17 
19 12 0 0 M 3 
52 12 0 0 M 4 
53 12 0 0 M 17 
8 13 0 99 J 3 
19 13 0 0 M 0 
27 13 0 99 J 1 
29 13 0 99 J 10 
31 13 0 0 G 0 
32 13 0 0 G 8 
36 13 5 9 W 17 
37 13 0 99 J 3 
50 13 0 99 J 17 
52 13 0 0 M 4 
53 13 0 0 M 7 
54 13 0 0 M 5 
7 14 0 0 G 14 
8 14 0 99 J 17 
18 14 1 2 Z 17 
27 14 0 99 J 13 
28 14 0 99 J 17 
31 14 0 0 G 17 
34 14 0 99 J 0 
36 14 0 99 J 17 
37 14 1 2 Z 17 
39 14 4 4 O 17 
47 14 0 99 J 16 
48 14 0 99 J 13 
49 14 0 99 J 11 
50 14 0 99 J 6 
52 14 0 0 M 1 
55 14 0 0 M 17 
5 15 0 0 G 16 
6 15 0 0 G 17 
8 15 0 0 G 10 
28 15 0 99 J 6 
35 15 0 99 J 14 
49 15 0 99 J 9 
52 15 0 0 M 0 
56 15 0 0 M 10 
58 15 4 4 A 17 
4 16 0 0 G 10 
31 16 1 2 Z 17 
35 17 1 2 Z 17 
66 17 5 9 W 17 
25 18 0 0 T 17 
58 18 1 2 Z 17 
12 19 0 10 B 17 
18 19 1 2 Z 17 
28 19 4 4 A 17 
31 19 0 0 M 17 
